1 1. 2. 2026. 45.6 
6 15. 1. 2026. 1.2 
7 3. 2. 2026. 12.65
8 9. 1. 2026. 75.34
3 26. 2. 2026. 32.78
1 17. 2. 2026. 63.85
1 30. 1. 2026. 89.2
10 2. 2. 2026. 1.64
5 6. 2. 2026. 4.38
8 13. 1. 2026. 5.69 
3 9. 1. 2026. 7.62
4 16. 2. 2026. 51.92
9 1. 2. 2026. 66.21
9 24. 2. 2026. 23.56
6 14. 2. 2026. 69.1
7 25. 1. 2026. 75.1
8 2. 1. 2026. 89.3
2 9. 2. 2026. 65.32
5 17. 2. 2026. 62.65
4 10. 1. 2026. 57.3
3 13. 1. 2026. 45.32
6 24. 2. 2026. 20.56
10 28. 2. 2026. 19.3
3 31. 1. 2026. 4.23
4 6. 2. 2026. 12.3
2 9. 1. 2026. 36.1
9 9. 2. 2026. 2.6
1 6. 2. 2026. 17.53
7 31. 1. 2026. 78.3
5 5. 1. 2026. 56.9
8 19. 2. 2026. 10.9
6 3. 1. 2026. 14.3
6 14. 2. 2026. 56.1
